PRZYKLADOWE WYNIKI DLA 12 MIAST I KILKU POPULACJI
PELNE POPULACJE WYPISANE
GLOBALNIE JEST PAMIETANY NAJLEPSZY CHROMOSOM
KAZDA POPULACJA JEST RANKINGOWANA

parametry:
./build/main -l -p 12 -a 2 -i 10 -x 0.65 -y 0.4 -v 0.05 -w 20
p - rozmiar populacji
a - ilosc najlepszych przodkow przepisywanych bezposrednio
i - ilosc iteracji
x - prawd. krzyzowania
y - prawd. mutacji
v i w w tym wypadku nieuzywane


| 0 3 7 4 10 1 6 2 8 11 9 5| f: 13.096
| 7 2 3 0 11 6 8 5 9 1 10 4| f: 12.79
| 7 10 6 0 8 4 9 2 3 1 11 5| f: 12.629
| 1 11 4 5 6 0 2 7 8 3 10 9| f: 11.593
| 4 10 5 1 0 11 2 7 8 3 9 6| f: 10.969
| 8 9 11 1 4 3 10 6 5 0 7 2| f: 10.79
| 9 6 4 0 5 1 11 7 10 8 3 2| f: 10.331
| 11 0 4 7 10 3 2 9 6 5 1 8| f: 9.498
| 2 8 9 3 6 11 0 10 4 1 7 5| f: 9.421
| 8 6 5 9 4 11 10 2 7 3 0 1| f: 8.604
| 0 2 3 11 5 1 9 8 10 7 4 6| f: 8.389
| 9 11 4 5 7 2 0 3 10 1 8 6| f: 6.625

BEST:
| 0 3 7 4 10 1 6 2 8 11 9 5| f: 13.096
=========

| 1 8 9 3 6 10 0 11 4 5 7 2| f: 15.33
| 1 3 7 0 11 9 10 4 5 2 6 8| f: 13.565
| 0 3 7 4 10 1 6 2 8 11 9 5| f: 13.096
| 3 10 2 1 0 11 5 7 8 4 6 9| f: 13.057
| 11 10 6 0 8 4 9 2 3 1 7 5| f: 12.372
| 2 7 3 0 11 6 8 5 9 1 10 4| f: 12.108
| 8 3 11 1 2 4 6 7 9 5 0 10| f: 11.824
| 4 10 5 1 0 11 2 7 8 3 9 6| f: 10.969
| 0 9 11 1 4 3 10 6 8 5 2 7| f: 10.322
| 4 10 1 5 0 11 2 7 8 3 9 6| f: 10.18
| 9 10 5 1 0 11 2 7 8 3 4 6| f: 8.701
| 9 11 4 5 7 0 2 6 8 1 10 3| f: 6.757

BEST:
| 1 8 9 3 6 10 0 11 4 5 7 2| f: 15.33
=========

| 1 5 9 3 6 10 0 11 4 8 7 2| f: 15.178
| 1 8 9 3 6 10 0 11 4 5 2 7| f: 14.927
| 1 3 7 0 11 9 10 4 5 2 6 8| f: 13.565
| 3 10 5 1 0 11 2 7 8 4 6 9| f: 13.553
| 8 10 3 1 0 11 2 7 9 4 6 5| f: 12.478
| 1 6 9 7 0 5 2 3 8 10 4 11| f: 12.147
| 2 7 3 0 11 6 8 10 9 1 5 4| f: 11.822
| 4 10 5 1 0 11 2 7 8 3 9 6| f: 10.969
| 0 3 1 8 10 5 2 4 7 11 6 9| f: 10.223
| 9 3 11 1 2 4 6 7 8 10 5 0| f: 9.428
| 9 10 2 1 0 7 5 11 8 3 4 6| f: 8.824
| 9 11 4 5 7 0 2 6 8 1 10 3| f: 6.757

BEST:
| 1 8 9 3 6 10 0 11 4 5 7 2| f: 15.33
=========

| 1 5 9 3 6 10 0 11 4 8 7 2| f: 15.178
| 6 3 1 8 10 5 2 4 7 9 0 11| f: 14.822
| 1 5 9 3 6 10 7 11 8 2 0 4| f: 13.73
| 1 8 9 3 6 5 0 11 4 10 2 7| f: 13.5
| 2 7 3 0 11 6 8 10 4 9 5 1| f: 12.952
| 2 7 3 0 11 6 8 10 9 1 5 4| f: 11.822
| 2 7 3 0 11 6 8 9 5 10 4 1| f: 11.557
| 1 6 9 7 0 5 2 3 8 11 4 10| f: 11.455
| 6 2 9 7 0 1 8 11 4 3 5 10| f: 10.898
| 0 4 9 10 1 11 7 3 8 2 6 5| f: 10.469
| 9 10 4 1 0 7 5 11 8 3 2 6| f: 10.322
| 9 10 2 7 0 1 5 11 3 6 8 4| f: 9.514

BEST:
| 1 8 9 3 6 10 0 11 4 5 7 2| f: 15.33
=========

| 1 5 9 3 6 10 0 11 4 8 7 2| f: 15.178
| 6 3 1 8 10 5 2 4 7 9 0 11| f: 14.822
| 9 5 4 1 6 10 7 11 8 3 2 0| f: 11.852
| 1 10 9 3 0 7 5 11 8 2 6 4| f: 11.801
| 3 7 2 10 1 4 11 8 0 5 9 6| f: 10.916
| 1 5 2 7 11 6 8 10 9 0 4 3| f: 10.831
| 0 4 9 10 1 11 7 3 8 2 6 5| f: 10.469
| 11 1 0 3 10 2 8 4 7 5 9 6| f: 10.03
| 0 6 9 2 1 11 7 3 8 5 4 10| f: 9.987
| 9 7 10 11 0 5 2 3 8 1 6 4| f: 9.601
| 9 10 2 7 0 4 5 11 3 6 8 1| f: 9.333
| 1 4 9 10 0 5 2 3 8 7 6 11| f: 8.702

BEST:
| 1 8 9 3 6 10 0 11 4 5 7 2| f: 15.33
=========

| 1 5 9 3 6 10 0 11 8 4 7 2| f: 15.807
| 6 3 1 8 10 5 2 4 7 9 0 11| f: 14.822
| 1 6 8 3 10 5 2 4 7 9 0 11| f: 14.801
| 8 4 10 5 1 7 0 9 3 6 2 11| f: 13.042
| 10 3 1 9 0 7 5 11 8 2 6 4| f: 12.954
| 3 7 10 2 1 4 11 8 0 6 9 5| f: 12.214
| 3 7 10 2 1 4 11 8 0 5 9 6| f: 11.595
| 2 7 5 1 11 6 8 10 9 0 4 3| f: 10.352
| 9 2 10 5 7 6 1 0 8 11 4 3| f: 10.028
| 9 7 11 10 0 5 2 3 8 1 6 4| f: 9.013
| 9 7 11 10 0 5 2 3 8 1 6 4| f: 9.013
| 11 10 9 7 0 5 2 3 8 1 6 4| f: 8.462

BEST:
| 1 5 9 3 6 10 0 11 8 4 7 2| f: 15.807
=========

| 6 3 1 8 10 4 0 5 7 9 2 11| f: 20.067
| 8 6 10 5 1 7 0 9 3 2 11 4| f: 17.609
| 1 5 9 3 6 10 0 11 8 4 7 2| f: 15.807
| 10 3 1 9 0 7 4 5 8 6 2 11| f: 15.116
| 6 3 1 8 10 5 2 4 7 9 0 11| f: 14.822
| 6 3 1 8 10 5 2 4 7 9 0 11| f: 14.822
| 6 3 1 8 10 9 2 4 7 5 0 11| f: 14.427
| 8 4 10 5 1 7 2 9 3 6 0 11| f: 11.126
| 6 2 3 1 11 7 4 9 10 5 0 8| f: 11.023
| 9 7 11 10 3 5 2 0 8 1 6 4| f: 9.611
| 9 7 11 10 0 5 2 3 4 1 6 8| f: 9.325
| 8 11 7 9 2 0 4 3 6 10 1 5| f: 8.176

BEST:
| 6 3 1 8 10 4 0 5 7 9 2 11| f: 20.067
=========

| 10 3 1 8 6 4 0 5 7 9 2 11| f: 20.879
| 8 6 10 5 1 7 0 9 3 2 11 4| f: 17.609
| 10 3 0 5 1 7 4 9 8 6 2 11| f: 16.525
| 1 5 9 3 6 10 0 11 8 4 7 2| f: 15.807
| 10 3 1 9 0 7 4 6 8 5 2 11| f: 15.568
| 10 3 1 9 0 7 4 5 8 6 2 11| f: 15.116
| 6 3 1 8 10 5 2 4 7 9 0 11| f: 14.822
| 6 3 1 8 10 9 2 4 7 5 0 11| f: 14.427
| 10 7 6 2 9 5 3 8 1 11 4 0| f: 12.739
| 9 4 6 0 11 8 7 5 3 2 10 1| f: 11.363
| 8 4 10 9 0 7 2 5 3 6 1 11| f: 9.998
| 9 7 11 10 3 5 2 0 8 1 6 4| f: 9.611

BEST:
| 10 3 1 8 6 4 0 5 7 9 2 11| f: 20.879
=========

| 10 3 1 8 6 0 4 5 7 9 2 11| f: 20.847
| 10 3 1 8 6 4 0 11 7 9 2 5| f: 20.24
| 1 6 10 5 8 7 0 9 3 2 11 4| f: 18.125
| 10 3 0 5 1 7 4 9 8 6 2 11| f: 16.525
| 1 5 9 3 6 10 0 11 8 4 7 2| f: 15.807
| 10 3 1 9 0 7 4 6 8 5 2 11| f: 15.568
| 3 7 0 8 11 10 1 2 4 6 9 5| f: 14.399
| 10 7 6 2 9 5 3 8 1 11 4 0| f: 12.739
| 6 11 1 8 10 5 2 4 7 9 0 3| f: 11.482
| 9 4 6 0 11 8 7 5 3 2 10 1| f: 11.363
| 8 7 6 2 9 5 3 10 1 11 4 0| f: 11.213
| 1 11 2 3 9 6 5 8 7 10 0 4| f: 7.83

BEST:
| 10 3 1 8 6 4 0 5 7 9 2 11| f: 20.879
=========

| 10 3 1 8 6 0 4 5 7 9 2 11| f: 20.847
| 10 3 1 8 6 4 0 11 7 9 2 5| f: 20.24
| 6 4 3 8 11 10 1 2 7 9 0 5| f: 16.336
| 8 5 9 3 6 10 0 11 1 4 7 2| f: 15.026
| 3 7 0 10 11 8 1 2 4 6 9 5| f: 14.654
| 3 7 0 8 11 10 1 2 4 6 9 5| f: 14.399
| 3 7 0 9 11 10 1 2 4 6 8 5| f: 13.295
| 6 11 1 8 0 5 9 4 3 2 10 7| f: 12.464
| 8 1 0 5 10 6 9 3 4 2 11 7| f: 12.351
| 2 4 6 10 11 8 3 5 7 1 0 9| f: 11.949
| 2 4 10 1 6 9 0 7 11 5 3 8| f: 11.141
| 0 11 1 8 10 5 2 7 4 6 9 3| f: 9.798

BEST:
| 10 3 1 8 6 4 0 5 7 9 2 11| f: 20.879
=========



